2 1 2
3 1 1
3 1 3
3 2 1
3 1 2
3 2 1
4 1 1
4 1 3
4 2 1
4 2 2
4 2 1
4 3 1
4 2 1
4 3 1
5 1 3
5 2 2
5 2 2
5 2 1
5 2 1
5 2 1
5 3 1
5 4 1
5 4 1
5 4 1
6 1 4
6 1 4
6 2 2
6 2 2
6 1 4
6 2 2
6 3 2
6 3 2
6 4 1
6 3 1
6 4 1
6 5 1
6 4 1
6 4 1
6 4 1
7 1 3
7 1 3
7 2 1
7 2 1
7 2 2
7 2 2
7 3 1
7 3 1
7 4 1
7 3 1
7 4 1
7 5 1
7 5 1
7 5 1
7 4 1
7 6 1
7 6 1
7 6 1
7 6 1
8 1 5
8 1 5
8 2 3
8 2 3
8 2 2
8 3 3
8 3 3
8 3 3
8 4 1
8 4 2
8 4 2
8 5 1
8 4 2
8 5 2
8 5 1
8 6 1
8 5 2
8 5 1
8 5 1
8 7 1
8 6 1
8 7 1
8 7 1
9 1 5
9 1 3
9 2 3
9 2 2
9 2 3
9 3 3
9 3 3
9 3 1
9 4 1
9 4 2
9 3 2
9 5 2
9 5 1
9 5 2
9 5 2
9 6 1
9 6 1
9 6 2
9 6 1
9 7 1
9 6 2
9 6 2
9 6 2
9 8 1
9 8 1
9 7 1
9 7 1
10 1 5
10 1 5
10 2 5
10 2 4
10 2 3
10 3 3
10 3 3
10 3 3
10 4 2
10 4 3
10 4 3
10 5 3
10 5 2
10 5 2
10 5 2
10 6 1
10 6 2
10 6 1
10 6 1
10 7 1
10 7 1
10 7 2
10 7 1
10 8 1
10 8 1
10 8 1
10 8 1
10 8 1
10 8 1
10 8 1
10 9 1
11 1 7
11 1 6
11 2 3
11 2 4
11 2 5
11 3 4
11 3 3
11 3 4
11 4 3
11 4 1
11 4 3
11 5 2
11 5 2
11 5 3
11 5 2
11 6 2
11 6 2
11 6 2
11 6 2
11 7 2
11 7 2
11 7 2
11 7 1
11 8 1
11 8 2
11 8 1
11 8 2
11 7 2
11 9 1
11 9 1
11 9 1
11 9 1
11 10 1
11 10 1
11 9 1
11 9 1
12 1 6
12 1 6
12 2 3
12 2 3
12 2 1
12 3 6
12 3 6
12 3 2
12 4 2
12 4 2
12 4 4
12 5 3
12 5 2
12 5 3
12 5 2
12 6 2
12 6 3
12 6 3
12 6 2
12 7 1
12 7 1
12 7 3
12 7 2
12 8 1
12 8 1
12 8 2
12 8 1
12 9 2
12 9 1
12 9 1
12 9 1
12 10 1
12 9 2
12 10 1
12 10 1
12 10 1
12 10 1
12 11 1
12 11 1
12 11 1
12 11 1
13 1 8
13 1 9
13 2 3
13 2 5
13 2 7
13 3 5
13 3 6
13 3 4
13 4 3
13 4 5
13 4 3
13 5 3
13 5 3
13 5 2
13 5 2
13 6 3
13 6 2
13 6 2
13 6 2
13 7 2
13 7 3
13 7 2
13 7 2
13 8 1
13 8 2
13 8 1
13 8 1
13 9 1
13 9 2
13 9 1
13 8 2
13 9 1
13 10 1
13 10 2
13 10 1
13 9 1
13 10 1
13 11 1
13 10 1
13 11 1
13 11 1
13 11 1
13 12 1
13 12 1
13 12 1
13 11 1
14 1 7
14 1 6
14 2 7
14 2 6
14 2 7
14 3 3
14 3 6
14 3 5
14 4 4
14 4 4
14 4 4
14 5 3
14 5 3
14 5 4
14 5 3
14 6 2
14 6 3
14 6 3
14 6 3
14 7 3
14 7 2
14 7 3
14 7 3
14 8 2
14 8 2
14 8 2
14 8 2
14 9 2
14 9 2
14 9 2
14 9 1
14 10 2
14 10 1
14 10 1
14 10 1
14 10 1
14 10 1
14 10 1
14 11 1
14 10 1
14 11 1
14 12 1
14 12 1
14 12 1
14 12 1
14 12 1
14 12 1
14 11 1
14 12 1
14 13 1
14 12 1
15 1 11
15 1 6
15 2 8
15 2 4
15 2 5
15 3 6
15 3 4
15 3 6
15 4 6
15 4 3
15 4 4
15 5 3
15 5 4
15 5 3
15 5 4
15 6 2
15 6 3
15 6 4
15 6 3
15 7 3
15 7 3
15 7 3
15 7 2
15 8 1
15 8 3
15 8 3
15 8 2
15 9 2
15 9 2
15 9 2
15 9 2
15 10 2
15 10 1
15 10 1
15 10 2
15 10 2
15 11 1
15 11 2
15 11 1
15 11 2
15 11 1
15 12 1
15 12 1
15 12 1
15 11 2
15 12 1
15 13 1
15 13 1
15 13 1
15 13 1
15 13 1
15 14 1
15 13 1
15 14 1
15 13 1
15 13 1
16 1 5
16 1 10
16 2 6
16 2 4
16 2 9
16 3 6
16 3 5
16 3 4
16 4 5
16 4 4
16 4 4
16 5 3
16 5 3
16 5 5
16 5 3
16 6 4
16 6 3
16 6 4
16 6 4
16 7 4
16 7 2
16 7 3
16 7 3
16 8 3
16 8 3
16 8 3
16 8 4
16 9 2
16 9 2
16 9 2
16 9 2
16 10 2
16 10 2
16 10 2
16 10 2
16 10 1
16 11 1
16 11 2
16 11 1
16 11 1
16 11 2
16 11 2
16 12 2
16 12 2
16 12 2
16 12 2
16 13 1
16 13 1
16 13 2
16 12 2
16 13 1
16 14 1
16 14 1
16 14 1
16 13 2
16 14 1
16 14 1
16 13 1
16 14 1
16 15 1
16 14 1
17 1 8
17 1 10
17 2 8
17 2 7
17 2 6
17 3 7
17 3 7
17 3 5
17 4 6
17 4 4
17 4 5
17 5 6
17 5 3
17 5 4
17 5 5
17 6 4
17 6 4
17 6 5
17 6 5
17 7 2
17 7 3
17 7 4
17 7 4
17 8 4
17 8 3
17 8 2
17 8 3
17 9 3
17 9 3
17 9 2
17 9 3
17 10 3
17 10 2
17 10 3
17 10 2
17 10 3
17 11 1
17 11 3
17 11 2
17 11 1
17 11 2
17 12 2
17 12 1
17 12 1
17 12 1
17 12 1
17 13 2
17 13 2
17 13 1
17 13 2
17 13 2
17 14 1
17 14 2
17 13 1
17 14 1
17 14 1
17 14 1
17 15 1
17 15 1
17 15 1
17 15 1
17 15 1
17 16 1
17 15 1
17 15 1
17 15 1
18 1 7
18 1 9
18 2 7
18 2 9
18 2 10
18 3 6
18 3 7
18 3 6
18 4 6
18 4 4
18 4 6
18 5 6
18 5 5
18 5 6
18 5 4
18 6 5
18 6 5
18 6 3
18 6 4
18 7 4
18 7 4
18 7 3
18 7 3
18 8 4
18 8 3
18 8 4
18 8 3
18 9 3
18 9 3
18 9 2
18 9 3
18 10 2
18 10 2
18 10 3
18 10 3
18 10 3
18 11 2
18 11 1
18 11 2
18 11 3
18 11 2
18 12 2
18 12 2
18 12 1
18 12 1
18 12 2
18 13 1
18 13 1
18 13 2
18 13 2
18 13 2
18 14 1
18 14 1
18 14 1
18 14 1
18 14 1
18 15 1
18 15 2
18 15 1
18 15 1
18 15 1
18 16 1
18 15 1
18 15 1
18 15 1
18 16 1
18 17 1
18 17 1
18 17 1
18 16 1
18 16 1
18 16 1
19 1 11
19 1 15
19 2 8
19 2 8
19 2 6
19 3 7
19 3 6
19 3 6
19 4 4
19 4 4
19 4 7
19 5 5
19 5 5
19 5 5
19 5 3
19 6 4
19 6 5
19 6 5
19 6 4
19 7 5
19 7 4
19 7 4
19 7 5
19 8 2
19 8 3
19 8 3
19 8 4
19 9 3
19 9 4
19 9 3
19 9 3
19 10 2
19 10 2
19 10 2
19 10 2
19 10 2
19 11 2
19 11 2
19 11 2
19 11 1
19 11 2
19 12 1
19 12 2
19 12 2
19 12 2
19 12 2
19 13 1
19 13 2
19 13 2
19 13 2
19 13 2
19 14 1
19 14 2
19 14 1
19 14 1
19 14 1
19 14 2
19 14 2
19 15 1
19 15 1
19 15 1
19 15 2
19 15 2
19 16 1
19 16 1
19 16 1
19 16 1
19 16 1
19 17 1
19 17 1
19 17 1
19 16 1
19 18 1
19 18 1
19 17 1
19 18 1
19 17 1
19 18 1
20 1 11
20 1 8
20 2 9
20 2 8
20 2 8
20 3 8
20 3 8
20 3 10
20 4 5
20 4 6
20 4 7
20 5 6
20 5 3
20 5 6
20 5 6
20 6 6
20 6 3
20 6 4
20 6 6
20 7 4
20 7 5
20 7 5
20 7 5
20 8 5
20 8 5
20 8 4
20 8 4
20 9 3
20 9 3
20 9 4
20 9 3
20 10 2
20 10 4
20 10 4
20 10 3
20 10 3
20 11 3
20 11 3
20 11 3
20 11 3
20 11 3
20 12 2
20 12 2
20 12 3
20 12 1
20 12 1
20 13 2
20 13 2
20 13 3
20 13 3
20 13 2
20 14 2
20 14 2
20 14 2
20 14 1
20 14 2
20 15 2
20 15 1
20 15 2
20 15 2
20 15 2
20 16 2
20 16 2
20 16 2
20 16 2
20 16 2
20 17 1
20 17 1
20 16 2
20 17 1
20 17 1
20 16 1
20 18 1
20 17 1
20 18 1
20 18 1
20 18 1
20 18 1
20 18 1
20 18 1
20 18 1
20 18 1
20 19 1
20 18 1
21 1 7
21 1 11
21 2 3
21 2 9
21 2 7
21 3 7
21 3 9
21 3 5
21 4 5
21 4 6
21 4 7
21 5 6
21 5 6
21 5 6
21 5 6
21 6 6
21 6 4
21 6 6
21 6 5
21 7 6
21 7 5
21 7 5
21 7 5
21 8 5
21 8 5
21 8 3
21 8 4
21 9 4
21 9 3
21 9 1
21 9 4
21 10 3
21 10 3
21 10 3
21 10 4
21 10 3
21 11 4
21 11 3
21 11 4
21 11 3
21 11 3
21 12 2
21 12 3
21 12 1
21 12 2
21 12 2
21 13 2
21 13 1
21 13 3
21 13 2
21 13 2
21 14 2
21 14 2
21 14 2
21 14 3
21 14 2
21 15 1
21 15 1
21 15 2
21 15 2
21 15 1
21 16 1
21 15 2
21 16 2
21 16 1
21 16 1
21 17 1
21 17 2
21 17 1
21 17 1
21 17 1
21 17 1
21 18 1
21 18 1
21 18 1
21 18 1
21 18 1
21 18 1
21 19 1
21 19 1
21 19 1
21 18 1
21 19 1
21 19 1
21 19 1
21 20 1
21 20 1
21 19 1
21 19 1
21 20 1
22 1 13
22 1 11
22 2 8
22 2 7
22 2 9
22 3 6
22 3 7
22 3 8
22 4 8
22 4 7
22 4 4
22 5 6
22 5 7
22 5 7
22 5 7
22 6 7
22 6 5
22 6 7
22 6 7
22 7 6
22 7 5
22 7 4
22 7 6
22 8 4
22 8 5
22 8 5
22 8 4
22 9 3
22 9 4
22 9 5
22 9 5
22 10 4
22 10 4
22 10 3
22 10 4
22 10 2
22 11 3
22 11 4
22 11 3
22 11 4
22 11 4
22 12 3
22 12 1
22 12 3
22 12 2
22 12 2
22 13 2
22 13 3
22 13 4
22 13 2
22 13 1
22 14 2
22 14 3
22 14 2
22 14 3
22 14 3
22 15 2
22 15 2
22 15 2
22 15 2
22 15 1
22 16 2
22 16 1
22 16 1
22 16 2
22 16 2
22 17 1
22 17 2
22 17 2
22 17 2
22 17 2
22 17 2
22 17 2
22 18 1
22 18 1
22 18 1
22 18 1
22 18 1
22 19 1
22 19 1
22 19 1
22 19 1
22 19 1
22 19 1
22 20 1
22 20 1
22 20 1
22 20 1
22 20 1
22 20 1
22 21 1
22 20 1
22 21 1
22 21 1
22 20 1
22 20 1
23 1 11
23 1 11
23 2 9
23 2 11
23 2 11
23 3 6
23 3 9
23 3 9
23 4 7
23 4 10
23 4 7
23 5 6
23 5 7
23 5 6
23 5 8
23 6 5
23 6 6
23 6 7
23 6 4
23 7 6
23 7 5
23 7 6
23 7 6
23 8 6
23 8 4
23 8 4
23 8 5
23 9 6
23 9 3
23 9 4
23 9 4
23 10 5
23 10 4
23 10 4
23 10 3
23 10 4
23 11 3
23 11 3
23 11 3
23 11 3
23 11 3
23 12 4
23 12 3
23 12 3
23 12 3
23 12 4
23 13 2
23 13 3
23 13 2
23 13 3
23 13 2
23 14 2
23 14 3
23 14 2
23 14 3
23 14 1
23 15 3
23 15 2
23 15 2
23 15 2
23 15 2
23 16 2
23 16 2
23 16 1
23 16 2
23 16 2
23 17 2
23 17 2
23 17 2
23 17 2
23 17 2
23 17 2
23 18 1
23 18 1
23 18 2
23 18 2
23 18 2
23 18 1
23 19 2
23 19 1
23 19 1
23 19 1
23 19 1
23 19 1
23 20 1
23 20 1
23 20 1
23 20 1
23 20 1
23 20 1
23 21 1
23 21 1
23 21 1
23 21 1
23 21 1
23 20 1
23 21 1
23 22 1
23 22 1
23 21 1
23 22 1
23 21 1
24 1 8
24 1 15
24 2 9
24 2 10
24 2 11
24 3 6
24 3 10
24 3 8
24 4 8
24 4 9
24 4 8
24 5 8
24 5 7
24 5 6
24 5 7
24 6 4
24 6 7
24 6 3
24 6 7
24 7 5
24 7 5
24 7 4
24 7 5
24 8 6
24 8 6
24 8 5
24 8 4
24 9 4
24 9 5
24 9 5
24 9 5
24 10 4
24 10 3
24 10 4
24 10 5
24 10 4
24 11 4
24 11 4
24 11 5
24 11 4
24 11 3
24 12 3
24 12 3
24 12 5
24 12 2
24 12 3
24 13 3
24 13 4
24 13 3
24 13 3
24 13 3
24 14 3
24 14 1
24 14 3
24 14 3
24 14 2
24 15 3
24 15 2
24 15 2
24 15 3
24 15 3
24 16 3
24 16 2
24 16 2
24 16 3
24 16 3
24 17 2
24 17 2
24 17 2
24 17 2
24 17 2
24 17 2
24 18 2
24 18 2
24 18 2
24 18 1
24 18 2
24 18 2
24 19 1
24 19 1
24 19 2
24 19 1
24 19 1
24 19 2
24 20 1
24 20 1
24 20 1
24 20 1
24 20 1
24 20 1
24 21 1
24 21 1
24 21 1
24 21 1
24 21 1
24 21 1
24 21 1
24 22 1
24 22 1
24 22 1
24 22 1
24 21 1
24 23 1
24 23 1
24 23 1
24 23 1
24 23 1
24 21 1
25 1 14
25 1 19
25 2 12
25 2 10
25 2 14
25 3 8
25 3 9
25 3 9
25 4 7
25 4 8
25 4 7
25 5 9
25 5 8
25 5 8
25 5 7
25 6 7
25 6 8
25 6 8
25 6 7
25 7 6
25 7 5
25 7 8
25 7 6
25 8 5
25 8 5
25 8 5
25 8 6
25 9 5
25 9 6
25 9 6
25 9 6
25 10 5
25 10 5
25 10 4
25 10 5
25 10 5
25 11 5
25 11 5
25 11 2
25 11 4
25 11 5
25 12 3
25 12 5
25 12 4
25 12 2
25 12 5
25 13 4
25 13 3
25 13 4
25 13 4
25 13 3
25 14 2
25 14 2
25 14 3
25 14 4
25 14 2
25 15 2
25 15 3
25 15 1
25 15 3
25 15 3
25 16 3
25 16 3
25 16 2
25 16 3
25 16 3
25 17 3
25 17 2
25 17 2
25 17 2
25 17 2
25 17 2
25 18 2
25 18 2
25 18 2
25 18 2
25 18 2
25 18 3
25 19 1
25 19 2
25 19 2
25 18 2
25 19 2
25 19 2
25 20 2
25 20 2
25 20 2
25 20 1
25 20 1
25 19 1
25 21 1
25 21 1
25 21 1
25 21 1
25 21 2
25 21 1
25 22 1
25 22 1
25 22 1
25 22 1
25 22 1
25 22 1
25 23 1
25 23 1
25 23 1
25 23 1
25 23 1
25 23 1
25 23 1
25 23 1
25 23 1
25 23 1
25 22 1
25 23 1
26 1 15
26 1 16
26 2 13
26 2 7
26 2 7
26 3 10
26 3 8
26 3 9
26 4 9
26 4 9
26 4 9
26 5 7
26 5 9
26 5 8
26 5 6
26 6 8
26 6 8
26 6 8
26 6 6
26 7 7
26 7 7
26 7 7
26 7 6
26 8 6
26 8 6
26 8 6
26 8 6
26 9 6
26 9 6
26 9 5
26 9 6
26 10 4
26 10 4
26 10 5
26 10 5
26 10 4
26 11 6
26 11 5
26 11 4
26 11 5
26 11 5
26 12 5
26 12 5
26 12 5
26 12 3
26 12 3
26 13 4
26 13 4
26 13 4
26 13 4
26 13 4
26 14 4
26 14 4
26 14 4
26 14 4
26 14 4
26 15 3
26 15 3
26 15 4
26 15 4
26 15 3
26 16 4
26 16 3
26 16 2
26 16 3
26 16 2
26 17 3
26 17 2
26 17 2
26 17 2
26 17 3
26 17 3
26 18 3
26 18 2
26 18 2
26 18 2
26 18 2
26 18 3
26 19 3
26 19 2
26 19 2
26 19 2
26 19 2
26 19 2
26 20 1
26 20 2
26 20 1
26 20 2
26 20 2
26 20 1
26 21 1
26 21 1
26 21 2
26 21 1
26 21 2
26 21 2
26 22 1
26 22 1
26 22 1
26 22 1
26 22 1
26 22 1
26 23 1
26 23 1
26 23 1
26 23 1
26 23 1
26 23 1
26 24 1
26 23 1
26 24 1
26 23 1
26 24 1
26 24 1
26 24 1
26 25 1
26 25 1
26 25 1
26 24 1
26 25 1
27 1 14
27 1 12
27 2 10
27 2 12
27 2 14
27 3 9
27 3 12
27 3 11
27 4 9
27 4 7
27 4 9
27 5 8
27 5 7
27 5 7
27 5 7
27 6 7
27 6 8
27 6 7
27 6 6
27 7 7
27 7 8
27 7 8
27 7 8
27 8 6
27 8 6
27 8 7
27 8 7
27 9 7
27 9 6
27 9 7
27 9 6
27 10 6
27 10 5
27 10 3
27 10 5
27 10 6
27 11 4
27 11 4
27 11 3
27 11 5
27 11 4
27 12 4
27 12 5
27 12 4
27 12 5
27 12 3
27 13 5
27 13 4
27 13 4
27 13 4
27 13 4
27 14 3
27 14 4
27 14 3
27 14 4
27 14 4
27 15 5
27 15 4
27 15 3
27 15 3
27 15 4
27 16 3
27 16 3
27 16 4
27 16 3
27 16 3
27 17 3
27 17 4
27 17 3
27 17 4
27 17 3
27 17 2
27 18 2
27 18 2
27 18 2
27 18 3
27 18 2
27 18 3
27 19 2
27 19 2
27 19 3
27 19 2
27 19 2
27 19 2
27 20 2
27 20 2
27 20 2
27 20 2
27 20 2
27 20 2
27 21 1
27 21 2
27 21 2
27 21 1
27 21 2
27 21 1
27 22 2
27 22 2
27 22 1
27 22 2
27 22 2
27 22 1
27 23 1
27 23 2
27 23 1
27 23 1
27 23 1
27 23 2
27 24 1
27 24 1
27 23 1
27 24 1
27 24 1
27 24 1
27 24 1
27 25 1
27 24 1
27 25 1
27 25 1
27 25 1
27 26 1
27 26 1
27 26 1
27 26 1
27 26 1
27 25 1
27 25 1
28 1 11
28 1 13
28 2 15
28 2 15
28 2 13
28 3 13
28 3 11
28 3 11
28 4 10
28 4 10
28 4 11
28 5 7
28 5 9
28 5 10
28 5 8
28 6 8
28 6 7
28 6 6
28 6 7
28 7 6
28 7 6
28 7 6
28 7 8
28 8 7
28 8 7
28 8 7
28 8 7
28 9 5
28 9 8
28 9 7
28 9 7
28 10 5
28 10 6
28 10 6
28 10 4
28 10 7
28 11 6
28 11 7
28 11 5
28 11 5
28 11 5
28 12 4
28 12 4
28 12 6
28 12 5
28 12 5
28 13 5
28 13 3
28 13 4
28 13 2
28 13 4
28 14 5
28 14 5
28 14 4
28 14 5
28 14 4
28 15 4
28 15 4
28 15 4
28 15 5
28 15 3
28 16 2
28 16 2
28 16 3
28 16 3
28 16 4
28 17 3
28 17 4
28 17 3
28 17 3
28 17 4
28 17 3
28 18 3
28 18 2
28 18 3
28 18 3
28 18 3
28 18 3
28 19 1
28 19 2
28 19 3
28 19 2
28 19 2
28 19 2
28 20 3
28 20 1
28 20 3
28 20 2
28 20 2
28 20 2
28 21 2
28 21 2
28 21 2
28 21 2
28 21 2
28 21 2
28 22 1
28 22 2
28 22 2
28 22 1
28 22 1
28 22 2
28 23 2
28 23 1
28 23 2
28 23 1
28 23 1
28 23 1
28 24 1
28 24 1
28 24 1
28 24 1
28 24 1
28 24 2
28 25 1
28 25 1
28 24 1
28 24 1
28 25 1
28 25 1
28 26 1
28 25 1
28 26 1
28 26 1
28 26 1
28 26 1
28 26 1
28 26 1
28 27 1
28 27 1
28 27 1
28 27 1
28 27 1
28 27 1
29 1 12
29 1 17
29 2 14
29 2 13
29 2 12
29 3 12
29 3 14
29 3 10
29 4 8
29 4 11
29 4 10
29 5 8
29 5 9
29 5 9
29 5 7
29 6 8
29 6 8
29 6 9
29 6 10
29 7 6
29 7 7
29 7 9
29 7 9
29 8 6
29 8 7
29 8 7
29 8 8
29 9 5
29 9 6
29 9 7
29 9 7
29 10 7
29 10 7
29 10 7
29 10 6
29 10 5
29 11 5
29 11 7
29 11 6
29 11 5
29 11 6
29 12 6
29 12 4
29 12 3
29 12 6
29 12 5
29 13 5
29 13 5
29 13 4
29 13 3
29 13 5
29 14 5
29 14 5
29 14 5
29 14 4
29 14 4
29 15 4
29 15 4
29 15 3
29 15 4
29 15 5
29 16 3
29 16 4
29 16 3
29 16 2
29 16 3
29 17 2
29 17 4
29 17 4
29 17 4
29 17 4
29 17 3
29 18 3
29 18 2
29 18 3
29 18 3
29 18 3
29 18 3
29 19 3
29 19 3
29 19 2
29 19 3
29 19 3
29 19 3
29 20 2
29 20 3
29 20 3
29 20 3
29 20 3
29 20 2
29 21 2
29 21 2
29 21 2
29 21 3
29 21 1
29 21 2
29 22 1
29 22 2
29 22 1
29 22 2
29 22 2
29 22 2
29 23 2
29 23 2
29 23 2
29 23 1
29 23 1
29 23 2
29 24 1
29 24 1
29 24 2
29 24 1
29 24 1
29 24 2
29 25 2
29 25 1
29 25 2
29 25 1
29 25 1
29 24 1
29 26 1
29 26 1
29 26 1
29 26 1
29 26 1
29 26 1
29 26 1
29 27 1
29 26 1
29 27 1
29 26 1
29 27 1
29 27 1
29 26 1
29 27 1
29 28 1
29 28 1
29 27 1
29 27 1
29 28 1
29 28 1
30 1 18
30 1 18
30 2 15
30 2 12
30 2 12
30 3 9
30 3 12
30 3 13
30 4 12
30 4 10
30 4 9
30 5 10
30 5 10
30 5 9
30 5 8
30 6 11
30 6 9
30 6 8
30 6 9
30 7 8
30 7 9
30 7 10
30 7 8
30 8 8
30 8 9
30 8 9
30 8 8
30 9 5
30 9 6
30 9 6
30 9 6
30 10 6
30 10 6
30 10 6
30 10 7
30 10 7
30 11 6
30 11 6
30 11 5
30 11 6
30 11 6
30 12 6
30 12 5
30 12 5
30 12 5
30 12 6
30 13 6
30 13 6
30 13 5
30 13 4
30 13 4
30 14 4
30 14 5
30 14 5
30 14 4
30 14 2
30 15 5
30 15 5
30 15 3
30 15 5
30 15 4
30 16 4
30 16 3
30 16 4
30 16 3
30 16 4
30 17 4
30 17 4
30 17 4
30 17 5
30 17 3
30 17 4
30 18 4
30 18 3
30 18 3
30 18 4
30 18 3
30 18 3
30 19 3
30 19 3
30 19 3
30 19 3
30 19 3
30 19 2
30 20 2
30 20 3
30 20 2
30 20 3
30 20 3
30 20 2
30 21 3
30 21 2
30 21 3
30 21 2
30 21 2
30 21 3
30 22 2
30 22 2
30 22 2
30 22 2
30 22 1
30 22 2
30 23 1
30 23 2
30 23 1
30 23 2
30 23 2
30 23 1
30 24 2
30 24 1
30 24 1
30 24 1
30 24 1
30 24 2
30 25 1
30 25 1
30 25 1
30 25 1
30 25 2
30 25 1
30 26 1
30 26 1
30 26 2
30 26 2
30 26 1
30 26 1
30 25 1
30 27 1
30 27 1
30 27 1
30 27 1
30 27 1
30 27 1
30 26 1
30 28 1
30 28 1
30 27 1
30 28 1
30 27 1
30 28 1
30 28 1
30 29 1
30 29 1
30 27 1
30 29 1
30 29 1
30 29 1
30 29 1
31 1 12
31 1 13
31 2 12
31 2 15
31 2 15
31 3 11
31 3 8
31 3 10
31 4 10
31 4 11
31 4 12
31 5 11
31 5 10
31 5 9
31 5 9
31 6 8
31 6 10
31 6 11
31 6 8
31 7 8
31 7 9
31 7 10
31 7 8
31 8 8
31 8 8
31 8 8
31 8 9
31 9 5
31 9 6
31 9 5
31 9 9
31 10 8
31 10 5
31 10 7
31 10 8
31 10 7
31 11 6
31 11 5
31 11 6
31 11 7
31 11 6
31 12 6
31 12 4
31 12 6
31 12 6
31 12 6
31 13 6
31 13 5
31 13 4
31 13 5
31 13 5
31 14 5
31 14 5
31 14 5
31 14 6
31 14 6
31 15 4
31 15 4
31 15 5
31 15 4
31 15 4
31 16 4
31 16 4
31 16 4
31 16 5
31 16 5
31 17 4
31 17 5
31 17 4
31 17 4
31 17 4
31 17 4
31 18 4
31 18 4
31 18 4
31 18 3
31 18 3
31 18 3
31 19 4
31 19 4
31 19 4
31 19 3
31 19 4
31 19 3
31 20 3
31 20 2
31 20 3
31 20 3
31 20 2
31 20 3
31 21 3
31 21 3
31 21 3
31 21 3
31 21 2
31 21 3
31 22 2
31 22 3
31 22 2
31 22 3
31 22 3
31 22 2
31 23 3
31 23 2
31 23 2
31 23 2
31 23 2
31 23 2
31 24 2
31 24 2
31 24 1
31 24 2
31 24 2
31 24 2
31 25 1
31 25 2
31 25 1
31 25 2
31 25 2
31 25 1
31 26 2
31 26 1
31 26 1
31 26 1
31 26 1
31 26 2
31 26 1
31 27 1
31 27 1
31 27 1
31 27 1
31 27 1
31 27 1
31 27 1
31 28 1
31 28 1
31 28 1
31 28 1
31 28 1
31 28 1
31 28 1
31 29 1
31 28 1
31 29 1
31 28 1
31 29 1
31 29 1
31 29 1
31 30 1
31 29 1
31 29 1
31 30 1
31 30 1
31 30 1
31 30 1
